%YAML:1.0
---
camera_matrix: !!opencv-matrix
   rows: 3
   cols: 3
   dt: d
   data: [ 1.9347466519807333e+03, 0., 3.7094003610684916e+02, 0.,
       1.9443017176603416e+03, 3.9475840983511425e+01, 0., 0., 1. ]
distortion_coefficients: !!opencv-matrix
   rows: 5
   cols: 1
   dt: d
   data: [ 6.4049434852298781e-01, -1.5992210235886146e+01,
       -4.2209678572043899e-02, 5.0633662010017427e-03,
       1.6396587665590300e+02 ]
