%YAML:1.0
---
camera_matrix: !!opencv-matrix
   rows: 3
   cols: 3
   dt: d
   data: [ 1.9621135168450637e+03, 0., 3.9091079784060150e+02, 0.,
       1.9709441641077226e+03, 6.2285933242880205e+01, 0., 0., 1. ]
distortion_coefficients: !!opencv-matrix
   rows: 5
   cols: 1
   dt: d
   data: [ 7.0701206607293576e-01, -1.5703712906760019e+01,
       -4.2113893318538362e-02, 1.2671667302301569e-02,
       1.6782992199912835e+02 ]
